1.584893192461114000e+03 2.269177235000460800e-02 2.342744090427728200e-02 2.349909055205500300e-02 2.321814550293894000e-02
1.995262314968880900e+03 3.164834024792994400e-02 2.990859091749559600e-02 2.984039206974925200e-02 2.966796169085209400e-02
2.511886431509582100e+03 4.019667677462712700e-02 4.067983912683442700e-02 3.830235586530565000e-02 3.903702417374734600e-02
3.162277660168382700e+03 4.713645793069234900e-02 4.719225056472721400e-02 4.574186639761916600e-02 4.609109909365624600e-02
3.981071705534977400e+03 6.046799064791387500e-02 6.248308333975718900e-02 6.431757547200626900e-02 6.356994112130562300e-02
5.011872336272729600e+03 7.510046680940464500e-02 7.637886458990252000e-02 7.476434389054748000e-02 7.683376443324802000e-02
6.309573444801943000e+03 9.552605730228241900e-02 9.443110858001696500e-02 9.456204810812005000e-02 9.641466085363718800e-02
7.943282347242829900e+03 1.192289618492699400e-01 1.209170524450221600e-01 1.167046674221934300e-01 1.228338512768378400e-01
1.000000000000002000e+04 1.308554654702477100e-01 1.363342603538229600e-01 1.300238344216581600e-01 1.341517551253215100e-01
1.258925411794171300e+04 1.456769989915458800e-01 1.584129032915809500e-01 1.192822274720812000e-01 1.104746271561215200e-01
1.584893192461117400e+04 1.434909978845120800e-01 8.330867933978324000e-02 1.278036219964541800e-01 1.154625568581305900e-01
1.995262314968882900e+04 1.615007981256347800e-01 1.608729495788184800e-01 1.422515096811212100e-01 1.175623104085512700e-01
