1.584893192461114000e+03 3.197136899451906700e-04 1.439876685832825500e-03 5.841531839877510100e-03 2.308881453099698900e-02
1.995262314968880900e+03 4.984270338253352900e-04 1.870212394824722400e-03 7.446004396162258400e-03 2.974787675765203400e-02
2.511886431509582100e+03 6.578877715850973700e-04 2.569178684185976200e-03 9.751584725539127700e-03 3.945548479068397600e-02
3.162277660168382700e+03 7.899738524884136500e-04 3.004462588936126300e-03 1.167477308331513200e-02 4.711651951508166000e-02
3.981071705534977400e+03 9.721160263402155700e-04 3.959253418426143800e-03 1.618722758943278600e-02 6.419888486746222500e-02
5.011872336272729600e+03 1.204474799008402300e-03 4.848845406859613800e-03 1.893492924201013000e-02 7.768956269251278700e-02
6.309573444801943000e+03 1.463716924441604100e-03 5.996030824065135900e-03 2.399917892583856500e-02 9.737895526050403800e-02
7.943282347242829900e+03 1.571480946923364500e-03 7.120177689551436900e-03 3.037573894599553800e-02 1.249832190420750200e-01
1.000000000000002000e+04 1.242997126819860400e-03 5.368078272052598400e-03 2.975265211201948100e-02 1.527493111753374700e-01
1.258925411794171300e+04 5.136242898622999200e-04 4.589296042269190400e-03 2.184084232229394100e-02 1.694906004517810200e-01
1.584893192461117400e+04 5.302276903369006900e-04 2.739219807435171900e-03 2.069757790761170600e-02 1.791619572183192900e-01
1.995262314968882900e+04 5.351259900996003000e-04 4.535257924852181000e-03 1.626921011495282100e-02 1.893262788350501500e-01
